19:23:16.240364,0,
19:23:17.246557,136.00,96.00,0.00,0.00,0.00,0.00,
19:23:17.247567,136.00,96.00,0.00,0.00,0.00,0.00,
19:23:17.249487,135.00,100.00,0.00,0.00,0.0ø00.00,0.00,0.00,0.00,0.00,
19:23:17.250882,135.00,100.00,0.00,0.00,0.00,0.00,
19:23:17.251832,135.00,100.00,0.00,0.00,0.00,0.00,
19:23:17.252739,135.00,100.00,0.00,0.00,0.0ø0.00,0.00,0.00,0.00,0.00,0.00,
19:23:17.887783,135.00,0.00,0.00,0.00,0.00,0.00,
19:23:17.891321,135.00,0.00,0.00,0.00,0.00,0.00,
19:23:17.892255,135.00,0.00,0.00,0.00,0.00,0.00,
19:23:17.897017,135.00,0.00,0.00,0.00,0.00,0.00,
19:23:17.900638,135.00,0.00,0.00,0.00,0.00,0.00,
19:23:17.901493,135.00,0.00,0.00,0.00,0.00,0.00,
19:23:17.905090,135.00,0.00,0.00,0.00,0.00,0.00,
19:23:17.908769,135.00,0.00,0.00,0.00,0.00,0.00,
19:23:17.909621,135.00,0.00,0.00,0.00,0.00,0.00,
19:23:17.913221,135.00,0.00,0.00,0.00,0.00,0.00,
19:23:17.916891,135.00,0.00,0.00,0.00,0.00,0.00,
19:23:17.920553,135.00,0.00,0.00,0.00,0.00,0.00,
19:23:17.921428,135.00,0.00,0.00,0.00,0.00,0.00,
19:23:17.925022,135.00,0.00,0.00,0.00,0.00,0.00,
19:23:17.928733,135.00,0.00,0.00,0.00,0.00,0.00,
19:23:17.931309,135.00,0.00,0.00,0.00,0.00,0.00,
19:23:17.933194,135.00,0.00,0.00,0.00,0.00,0.00,
19:23:17.936806,135.00,0.00,0.00,0.00,0.00,0.00,
19:23:17.940471,135.00,0.00,0.00,0.00,0.00,0.00,
19:23:17.941345,135.00,0.00,0.00,0.00,0.00,0.00,
19:23:17.944949,135.00,0.00,0.00,0.00,0.00,0.00,
19:23:17.949888,135.00,0.00,0.00,0.00,0.00,0.00,
19:23:17.950743,135.00,0.00,0.00,0.00,0.00,0.00,
19:23:17.954351,135.00,0.00,0.00,0.00,0.00,0.00,
19:23:17.958238,135.00,0.00,0.00,0.00,0.00,0.00,
19:23:17.959198,135.00,0.00,0.00,0.00,0.00,0.00,
19:23:17.962467,135.00,0.00,0.00,0.00,0.00,0.00,
19:23:17.966128,135.00,0.00,0.00,0.00,0.00,0.00,
19:23:17.969819,135.00,0.00,0.00,0.00,0.00,0.00,
19:23:17.970676,135.00,0.00,0.00,0.00,0.00,0.00,
19:23:17.974259,135.00,0.00,0.00,0.00,0.00,0.00,
19:23:17.977935,135.00,0.00,0.00,0.00,0.00,0.00,
19:23:17.978780,135.00,0.00,0.00,0.00,0.00,0.00,
19:23:17.982370,135.00,0.00,0.00,0.00,0.00,0.00,
19:23:17.986063,135.00,0.00,0.00,0.00,0.00,0.00,
19:23:17.989723,135.00,0.00,0.00,0.00,0.00,0.00,
19:23:17.990599,135.00,0.00,0.00,0.00,0.00,0.00,
19:23:17.994267,135.00,0.00,0.00,0.00,0.00,0.00,
19:23:17.997887,135.00,0.00,0.00,0.00,0.00,0.00,
19:23:17.998748,135.00,0.00,0.00,0.00,0.00,0.00,
19:23:18.003560,135.00,0.00,0.00,0.00,0.00,0.00,
19:23:18.007276,135.00,0.00,0.00,0.00,0.00,0.00,
19:23:18.008122,135.00,0.00,0.00,0.00,0.00,0.00,
19:23:18.011695,135.00,0.00,0.00,0.00,0.00,0.00,
19:23:18.015382,135.00,0.00,0.00,0.00,0.00,0.00,
19:23:18.019252,135.00,0.00,0.00,0.00,0.00,0.00,
19:23:18.020993,135.00,0.00,0.00,0.00,0.00,0.00,
19:23:18.024125,135.00,0.00,0.00,0.00,0.00,0.00,
19:23:18.027624,135.00,0.00,0.00,0.00,0.00,0.00,
19:23:18.029400,135.00,0.00,0.00,0.00,0.00,0.00,
19:23:18.032444,135.00,0.00,0.00,0.00,0.00,0.00,
19:23:18.035984,135.00,0.00,0.00,0.00,0.00,0.00,
19:23:18.038103,135.00,0.00,0.00,0.00,0.00,0.00,
19:23:18.040944,135.00,0.00,0.00,0.00,0.00,0.00,
19:23:18.048397,135.00,0.00,0.00,0.00,0.00,0.00,
19:23:18.050515,135.00,0.00,0.00,0.00,0.00,0.00,
19:23:18.052712,135.00,0.00,0.00,0.00,0.00,0.00,
19:23:18.054698,135.00,0.00,0.00,0.00,0.00,0.00,
19:23:18.056907,135.00,0.00,0.00,0.00,0.00,0.00,
19:23:18.059071,135.00,0.00,0.00,0.00,0.00,0.00,
19:23:18.066614,135.00,0.00,0.00,0.00,0.00,0.00,
19:23:18.069089,135.00,0.00,0.00,0.00,0.00,0.00,
19:23:18.071050,135.00,0.00,0.00,0.00,0.00,0.00,
19:23:18.073240,135.00,0.00,0.00,0.00,0.00,0.00,
19:23:18.075288,135.00,0.00,0.00,0.00,0.00,0.00,
19:23:18.077533,135.00,0.00,0.00,0.00,0.00,0.00,
19:23:18.080106,135.00,0.00,0.00,0.00,0.00,0.00,
19:23:18.082590,135.00,0.00,0.00,0.00,0.00,0.00,
19:23:18.085204,135.00,0.00,0.00,0.00,0.00,0.00,
19:23:18.087440,135.00,0.00,0.00,0.00,0.00,0.00,
19:23:18.090287,135.00,0.00,0.00,0.00,0.00,0.00,
19:23:18.094128,135.00,0.00,0.00,0.00,0.00,0.00,
19:23:18.096803,135.00,0.00,0.00,0.00,0.00,0.00,
19:23:18.098995,135.00,0.00,0.00,0.00,0.00,0.00,
19:23:18.101767,135.00,0.00,0.00,0.00,0.00,0.00,
19:23:18.105148,135.00,0.00,0.00,0.00,0.00,0.00,
19:23:18.107426,135.00,0.00,0.00,0.00,0.00,0.00,
19:23:18.110057,135.00,0.00,0.00,0.00,0.00,0.00,
19:23:18.114592,135.00,0.00,0.00,0.00,0.00,0.00,
19:23:18.117964,135.00,0.00,0.00,0.00,0.00,0.00,
19:23:18.119240,135.00,0.00,0.00,0.00,0.00,0.00,
19:23:18.122160,135.00,0.00,0.00,0.00,0.00,0.00,
19:23:18.125756,135.00,0.00,0.00,0.00,0.00,0.00,
19:23:18.126648,135.00,0.00,0.00,0.00,0.00,0.00,
19:23:18.130148,135.00,0.00,0.00,0.00,0.00,0.00,
19:23:18.133789,135.00,0.00,0.00,0.00,0.00,0.00,
19:23:18.134637,135.00,0.00,0.00,0.00,0.00,0.00,
19:23:18.138260,135.00,0.00,0.00,0.00,0.00,0.00,
19:23:18.141923,135.00,0.00,0.00,0.00,0.00,0.00,
19:23:18.145607,135.00,0.00,0.00,0.00,0.00,0.00,
19:23:18.146472,135.00,0.00,0.00,0.00,0.00,0.00,
19:23:18.150064,135.00,0.00,0.00,0.00,0.00,0.00,
19:23:18.153725,135.00,0.00,0.00,0.00,0.00,0.00,
19:23:18.154578,135.00,0.00,0.00,0.00,0.00,0.00,
19:23:18.158424,135.00,0.00,0.00,0.00,0.00,0.00,
19:23:18.161900,135.00,0.00,0.00,0.00,0.00,0.00,
19:23:18.166785,135.00,0.00,0.00,0.00,0.00,0.00,
19:23:18.167680,135.00,0.00,0.00,0.00,0.00,0.00,
19:23:18.171243,135.00,0.00,0.00,0.00,0.00,0.00,
19:23:18.174909,135.00,0.00,0.00,0.00,0.00,0.00,
19:23:18.175753,135.00,0.00,0.00,0.00,0.00,0.00,
19:23:18.179366,135.00,0.00,0.00,0.00,0.00,0.00,
19:23:18.183040,135.00,0.00,0.00,0.00,0.00,0.00,
19:23:18.183888,135.00,0.00,0.00,0.00,0.00,0.00,
19:23:18.187515,135.00,0.00,0.00,0.00,0.00,0.00,
19:23:18.191224,135.00,0.00,0.00,0.00,0.00,0.00,
19:23:18.194854,135.00,0.00,0.00,0.00,0.00,0.00,
19:23:18.195715,135.00,0.00,0.00,0.00,0.00,0.00,
19:23:18.199299,135.00,0.00,0.00,0.00,0.00,0.00,
19:23:18.202984,135.00,0.00,0.00,0.00,0.00,0.00,
19:23:18.203825,135.00,0.00,0.00,0.00,0.00,0.00,
19:23:18.207465,135.00,0.00,0.00,0.00,0.00,0.00,
19:23:18.211115,135.00,0.00,0.00,0.00,0.00,0.00,
19:23:18.214748,135.00,0.00,0.00,0.00,0.00,0.00,
19:23:18.215621,135.00,0.00,0.00,0.00,0.00,0.00,
19:23:18.220536,135.00,0.00,0.00,0.00,0.00,0.00,
19:23:18.224276,135.00,0.00,0.00,0.00,0.00,0.00,
19:23:18.225182,135.00,0.00,0.00,0.00,0.00,0.00,
19:23:18.228626,135.00,0.00,0.00,0.00,0.00,0.00,
19:23:18.232274,135.00,0.00,0.00,0.00,0.00,0.00,
19:23:18.233135,135.00,0.00,0.00,0.00,0.00,0.00,
19:23:18.236724,135.00,0.00,0.00,0.00,0.00,0.00,
19:23:18.240433,135.00,0.00,0.00,0.00,0.00,0.00,
19:23:18.244093,135.00,0.00,0.00,0.00,0.00,0.00,
19:23:18.244948,135.00,0.00,0.00,0.00,0.00,0.00,
19:23:18.248553,135.00,0.00,0.00,0.00,0.00,0.00,
19:23:18.252211,135.00,0.00,0.00,0.00,0.00,0.00,
19:23:18.253056,135.00,0.00,0.00,0.00,0.00,0.00,
19:23:18.256691,135.00,0.00,0.00,0.00,0.00,0.00,
19:23:18.260450,135.00,0.00,0.00,0.00,0.00,0.00,
19:23:18.264033,135.00,0.00,0.00,0.00,0.00,0.00,
19:23:18.264959,135.00,0.00,0.00,0.00,0.00,0.00,
19:23:18.268516,135.00,0.00,0.00,0.00,0.00,0.00,
19:23:18.273676,135.00,0.00,0.00,0.00,0.00,0.00,
19:23:18.274641,135.00,0.00,0.00,0.00,0.00,0.00,
19:23:18.277862,135.00,0.00,0.00,0.00,0.00,0.00,
19:23:18.281544,135.00,0.00,0.00,0.00,0.00,0.00,
19:23:18.282402,135.00,0.00,0.00,0.00,0.00,0.00,
19:23:18.285996,135.00,0.00,0.00,0.00,0.00,0.00,
19:23:18.289690,135.00,0.00,0.00,0.00,0.00,0.00,
19:23:18.293411,135.00,0.00,0.00,0.00,0.00,0.00,
19:23:18.294293,135.00,0.00,0.00,0.00,0.00,0.00,
19:23:18.297805,135.00,0.00,0.00,0.00,0.00,0.00,
19:23:18.301467,135.00,0.00,0.00,0.00,0.00,0.00,
19:23:18.302311,135.00,0.00,0.00,0.00,0.00,0.00,
19:23:18.305930,135.00,0.00,0.00,0.00,0.00,0.00,
19:23:18.309607,135.00,0.00,0.00,0.00,0.00,0.00,
19:23:18.310459,135.00,0.00,0.00,0.00,0.00,0.00,
19:23:18.314050,135.00,0.00,0.00,0.00,0.00,0.00,
19:23:18.317724,135.00,0.00,0.00,0.00,0.00,0.00,
19:23:18.321394,135.00,0.00,0.00,0.00,0.00,0.00,
19:23:18.322265,135.00,0.00,0.00,0.00,0.00,0.00,
19:23:18.327229,135.00,0.00,0.00,0.00,0.00,0.00,
19:23:18.330782,135.00,0.00,0.00,0.00,0.00,0.00,
19:23:18.331631,135.00,0.00,0.00,0.00,0.00,0.00,
19:23:18.335225,135.00,0.00,0.00,0.00,0.00,0.00,
19:23:18.338909,135.00,0.00,0.00,0.00,0.00,0.00,
19:23:18.342611,135.00,0.00,0.00,0.00,0.00,0.00,
19:23:18.343468,135.00,0.00,0.00,0.00,0.00,0.00,
19:23:18.347034,135.00,0.00,0.00,0.00,0.00,0.00,
19:23:18.350713,135.00,0.00,0.00,0.00,0.00,0.00,
19:23:18.351566,135.00,0.00,0.00,0.00,0.00,0.00,
19:23:18.355147,135.00,0.00,0.00,0.00,0.00,0.00,
19:23:18.358938,135.00,0.00,0.00,0.00,0.00,0.00,
19:23:18.359828,135.00,0.00,0.00,0.00,0.00,0.00,
19:23:18.363288,135.00,0.00,0.00,0.00,0.00,0.00,
19:23:18.366981,135.00,0.00,0.00,0.00,0.00,0.00,
19:23:18.370632,135.00,0.00,0.00,0.00,0.00,0.00,
19:23:18.371481,135.00,0.00,0.00,0.00,0.00,0.00,
19:23:18.375081,135.00,0.00,0.00,0.00,0.00,0.00,
19:23:18.380028,135.00,0.00,0.00,0.00,0.00,0.00,
19:23:18.380871,135.00,0.00,0.00,0.00,0.00,0.00,
19:23:18.384467,135.00,0.00,0.00,0.00,0.00,0.00,
19:23:18.388165,135.00,0.00,0.00,0.00,0.00,0.00,
19:23:18.391896,135.00,0.00,0.00,0.00,0.00,0.00,
19:23:18.392789,135.00,0.00,0.00,0.00,0.00,0.00,
19:23:18.396277,135.00,0.00,0.00,0.00,0.00,0.00,
19:23:18.399965,135.00,0.00,0.00,0.00,0.00,0.00,
19:23:18.400809,135.00,0.00,0.00,0.00,0.00,0.00,
19:23:18.404403,135.00,102.00,0.00,0.00,0.00,0.00,
19:23:18.408121,135.00,102.00,0.00,0.00,0.00,0.00,
19:23:18.411836,135.00,102.00,0.00,0.00,0.00,0.00,
19:23:18.412735,135.00,102.00,0.00,0.00,0.00,0.00,
19:23:18.416383,135.00,102.00,0.00,0.00,0.00,0.00,
19:23:18.420124,135.00,102.00,0.00,0.00,0.00,0.00,
19:23:18.423935,135.00,102.00,0.00,0.00,0.00,0.00,
19:23:18.424850,135.00,102.00,0.00,0.00,0.00,0.00,
19:23:18.428379,135.00,102.00,0.00,0.00,0.00,0.00,
19:23:18.433349,135.00,102.00,0.00,0.00,0.00,0.00,
19:23:18.437064,135.00,102.00,0.00,0.00,0.00,0.00,
19:23:18.437991,135.00,102.00,0.00,0.00,0.00,0.00,
19:23:18.441626,135.00,102.00,0.00,0.00,0.00,0.00,
19:23:18.445346,135.00,102.00,0.00,0.00,0.00,0.00,
19:23:18.449037,135.00,102.00,0.00,0.00,0.00,0.00,
19:23:18.449980,135.00,102.00,0.00,0.00,0.00,0.00,
19:23:18.453718,135.00,102.00,0.00,0.00,0.00,0.00,
19:23:18.457496,135.00,102.00,0.00,0.00,0.00,0.00,
19:23:18.461191,135.00,102.00,0.00,0.00,0.00,0.00,
19:23:18.462135,135.00,102.00,0.00,0.00,0.00,0.00,
19:23:18.465622,135.00,102.00,0.00,0.00,0.00,0.00,
19:23:18.469312,135.00,102.00,0.00,0.00,0.00,0.00,
19:23:18.470207,135.00,102.00,0.00,0.00,0.00,0.00,
19:23:18.473859,135.00,102.00,0.00,0.00,0.00,0.00,
19:23:18.477597,135.00,102.00,0.00,0.00,0.00,0.00,
19:23:18.481315,135.00,102.00,0.00,0.00,0.00,0.00,
19:23:18.482229,135.00,102.00,0.00,0.00,0.00,0.00,
19:23:18.485817,135.00,102.00,0.00,0.00,0.00,0.00,
19:23:18.490904,135.00,102.00,0.00,0.00,0.00,0.00,
19:23:18.494564,135.00,102.00,0.00,0.00,0.00,0.00,
19:23:18.495473,135.00,102.00,0.00,0.00,0.00,0.00,
19:23:18.499083,135.00,102.00,0.00,0.00,0.00,0.00,
19:23:18.502802,135.00,102.00,0.00,0.00,0.00,0.00,
19:23:18.506535,135.00,102.00,0.00,0.00,0.00,0.00,
19:23:18.507459,135.00,102.00,0.00,0.00,0.00,0.00,
19:23:18.511067,135.00,102.00,0.00,0.00,0.00,0.00,
19:23:18.514783,135.00,102.00,0.00,0.00,0.00,0.00,
19:23:18.518528,135.00,102.00,0.00,0.00,0.00,0.00,
19:23:18.519427,135.00,102.00,0.00,0.00,0.00,0.00,
19:23:18.523089,135.00,102.00,0.00,0.00,0.00,0.00,
19:23:18.526797,135.00,102.00,0.00,0.00,0.00,0.00,
19:23:18.530503,135.00,102.00,0.00,0.00,0.00,0.00,
19:23:18.531395,135.00,102.00,0.00,0.00,0.00,0.00,
19:23:18.535032,135.00,102.00,0.00,0.00,0.00,0.00,
19:23:18.538775,135.00,102.00,0.00,0.00,0.00,0.00,
19:23:18.543744,135.00,102.00,0.00,0.00,0.00,0.00,
19:23:18.544632,135.00,102.00,0.00,0.00,0.00,0.00,
19:23:18.548273,135.00,102.00,0.00,0.00,0.00,0.00,
19:23:18.551991,135.00,102.00,0.00,0.00,0.00,0.00,
19:23:18.555739,135.00,102.00,0.00,0.00,0.00,0.00,
19:23:18.556652,135.00,102.00,0.00,0.00,0.00,0.00,
19:23:18.560298,135.00,102.00,0.00,0.00,0.00,0.00,
19:23:18.563998,135.00,102.00,0.00,0.00,0.00,0.00,
19:23:18.567711,135.00,102.00,0.00,0.00,0.00,0.00,
19:23:18.568599,135.00,102.00,0.00,0.00,0.00,0.00,
19:23:18.572240,135.00,102.00,0.00,0.00,0.00,0.00,
19:23:18.575971,135.00,102.00,0.00,0.00,0.00,0.00,
19:23:18.579716,135.00,102.00,0.00,0.00,0.00,0.00,
19:23:18.580630,135.00,102.00,0.00,0.00,0.00,0.00,
19:23:18.584224,135.00,102.00,0.00,0.00,0.00,0.00,
19:23:18.587962,135.00,102.00,0.00,0.00,0.00,0.00,
19:23:18.591746,135.00,102.00,0.00,0.00,0.00,0.00,
19:23:18.592660,135.00,102.00,0.00,0.00,0.00,0.00,
19:23:18.597520,135.00,102.00,0.00,0.00,0.00,0.00,
19:23:18.601220,135.00,102.00,0.00,0.00,0.00,0.00,
19:23:18.604904,135.00,102.00,0.00,0.00,0.00,0.00,
19:23:18.605806,135.00,102.00,0.00,0.00,0.00,0.00,
19:23:18.609472,135.00,102.00,0.00,0.00,0.00,0.00,
19:23:18.613182,135.00,102.00,0.00,0.00,0.00,0.00,
19:23:18.616906,135.00,102.00,0.00,0.00,0.00,0.00,
19:23:18.617848,135.00,102.00,0.00,0.00,0.00,0.00,
19:23:18.621457,135.00,102.00,0.00,0.00,0.00,0.00,
19:23:18.625233,135.00,102.00,0.00,0.00,0.00,0.00,
19:23:18.628911,135.00,102.00,0.00,0.00,0.00,0.00,
19:23:18.629815,135.00,102.00,0.00,0.00,0.00,0.00,
19:23:18.633440,135.00,102.00,0.00,0.00,0.00,0.00,
19:23:18.637193,135.00,102.00,0.00,0.00,0.00,0.00,
19:23:18.640885,135.00,102.00,0.00,0.00,0.00,0.00,
19:23:18.641807,135.00,102.00,0.00,0.00,0.00,0.00,
19:23:18.645406,135.00,102.00,0.00,0.00,0.00,0.00,
19:23:18.650402,135.00,102.00,0.00,0.00,0.00,0.00,
19:23:18.654115,135.00,102.00,0.00,0.00,0.00,0.00,
19:23:18.655045,135.00,102.00,0.00,0.00,0.00,0.00,
19:23:18.658959,135.00,102.00,0.00,0.00,0.00,0.00,
19:23:18.662412,135.00,102.00,0.00,0.00,0.00,0.00,
19:23:18.666096,135.00,102.00,0.00,0.00,0.00,0.00,
19:23:18.666995,135.00,102.00,0.00,0.00,0.00,0.00,
19:23:18.670663,135.00,102.00,0.00,0.00,0.00,0.00,
19:23:18.674376,135.00,102.00,0.00,0.00,0.00,0.00,
19:23:18.678101,135.00,102.00,0.00,0.00,0.00,0.00,
19:23:18.679001,135.00,102.00,0.00,0.00,0.00,0.00,
19:23:18.682622,135.00,102.00,0.00,0.00,0.00,0.00,
19:23:18.686350,135.00,102.00,0.00,0.00,0.00,0.00,
19:23:18.690141,135.00,102.00,0.00,0.00,0.00,0.00,
19:23:18.691080,135.00,102.00,0.00,0.00,0.00,0.00,
19:23:18.694631,135.00,102.00,0.00,0.00,0.00,0.00,
19:23:18.698365,135.00,102.00,0.00,0.00,0.00,0.00,
19:23:18.699256,135.00,102.00,0.00,0.00,0.00,0.00,
19:23:18.704125,135.00,102.00,0.00,0.00,0.00,0.00,
19:23:18.707860,135.00,102.00,0.00,0.00,0.00,0.00,
19:23:18.711586,135.00,102.00,0.00,0.00,0.00,0.00,
19:23:18.712484,135.00,102.00,0.00,0.00,0.00,0.00,
19:23:18.716120,135.00,102.00,0.00,0.00,0.00,0.00,
19:23:18.719858,135.00,102.00,0.00,0.00,0.00,0.00,
19:23:18.723642,135.00,102.00,0.00,0.00,0.00,0.00,
19:23:18.724563,135.00,102.00,0.00,0.00,0.00,0.00,
19:23:18.728122,135.00,102.00,0.00,0.00,0.00,0.00,
19:23:18.731831,135.00,102.00,0.00,0.00,0.00,0.00,
19:23:18.735566,135.00,102.00,0.00,0.00,0.00,0.00,
19:23:18.736460,135.00,102.00,0.00,0.00,0.00,0.00,
19:23:18.740144,135.00,102.00,0.00,0.00,0.00,0.00,
19:23:18.743814,135.00,102.00,0.00,0.00,0.00,0.00,
19:23:18.747554,135.00,102.00,0.00,0.00,0.00,0.00,
19:23:18.748443,135.00,102.00,0.00,0.00,0.00,0.00,
19:23:18.752075,135.00,102.00,0.00,0.00,0.00,0.00,
19:23:18.757229,135.00,102.00,0.00,0.00,0.00,0.00,
19:23:18.760816,135.00,102.00,0.00,0.00,0.00,0.00,
19:23:18.761747,135.00,102.00,0.00,0.00,0.00,0.00,
19:23:18.765310,135.00,102.00,0.00,0.00,0.00,0.00,
19:23:18.769061,135.00,102.00,0.00,0.00,0.00,0.00,
19:23:18.772773,135.00,102.00,0.00,0.00,0.00,0.00,
19:23:18.773661,135.00,102.00,0.00,0.00,0.00,0.00,
19:23:18.777445,135.00,102.00,0.00,0.00,0.00,0.00,
19:23:18.781039,135.00,102.00,0.00,0.00,0.00,0.00,
19:23:18.784753,135.00,102.00,0.00,0.00,0.00,0.00,
19:23:18.785668,135.00,102.00,0.00,0.00,0.00,0.00,
19:23:18.789344,135.00,102.00,0.00,0.00,0.00,0.00,
19:23:18.793055,135.00,102.00,0.00,0.00,0.00,0.00,
19:23:18.796758,135.00,102.00,0.00,0.00,0.00,0.00,
19:23:18.797789,135.00,102.00,0.00,0.00,0.00,0.00,
19:23:18.801292,135.00,102.00,0.00,0.00,0.00,0.00,
19:23:18.805001,135.00,102.00,0.00,0.00,0.00,0.00,
19:23:18.809994,135.00,102.00,0.00,0.00,0.00,0.00,
19:23:18.810881,135.00,102.00,0.00,0.00,0.00,0.00,
19:23:18.814523,135.00,102.00,0.00,0.00,0.00,0.00,
19:23:18.818266,135.00,102.00,0.00,0.00,0.00,0.00,
19:23:18.822011,135.00,102.00,0.00,0.00,0.00,0.00,
19:23:18.822932,135.00,102.00,0.00,0.00,0.00,0.00,
19:23:18.826537,135.00,102.00,0.00,0.00,0.00,0.00,
19:23:18.830247,135.00,102.00,0.00,0.00,0.00,0.00,
19:23:18.833958,135.00,102.00,0.00,0.00,0.00,0.00,
19:23:18.834857,135.00,102.00,0.00,0.00,0.00,0.00,
19:23:18.838513,135.00,102.00,0.00,0.00,0.00,0.00,
19:23:18.842214,135.00,102.00,0.00,0.00,0.00,0.00,
19:23:18.845935,135.00,102.00,0.00,0.00,0.00,0.00,
19:23:18.846845,135.00,102.00,0.00,0.00,0.00,0.00,
19:23:18.850492,135.00,102.00,0.00,0.00,0.00,0.00,
19:23:18.854212,135.00,102.00,0.00,0.00,0.00,0.00,
19:23:18.857997,135.00,102.00,0.00,0.00,0.00,0.00,
19:23:18.858915,135.00,102.00,0.00,0.00,0.00,0.00,
19:23:18.863717,135.00,102.00,0.00,0.00,0.00,0.00,
19:23:18.867473,135.00,102.00,0.00,0.00,0.00,0.00,
19:23:18.871166,135.00,102.00,0.00,0.00,0.00,0.00,
19:23:18.872068,135.00,102.00,0.00,0.00,0.00,0.00,
19:23:18.875710,135.00,102.00,0.00,0.00,0.00,0.00,
19:23:18.879434,135.00,102.00,0.00,0.00,0.00,0.00,
19:23:18.883142,135.00,102.00,0.00,0.00,0.00,0.00,
19:23:18.884041,135.00,102.00,0.00,0.00,0.00,0.00,
19:23:18.887718,135.00,102.00,0.00,0.00,0.00,0.00,
19:23:18.891477,135.00,102.00,0.00,0.00,0.00,0.00,
19:23:18.895161,135.00,102.00,0.00,0.00,0.00,0.00,
19:23:18.896065,135.00,102.00,0.00,0.00,0.00,0.00,
19:23:18.899685,135.00,102.00,0.00,0.00,0.00,0.00,
19:23:18.903401,135.00,102.00,0.00,0.00,0.00,0.00,
19:23:18.907144,135.00,102.00,0.00,0.00,0.00,0.00,
19:23:18.908050,135.00,102.00,0.00,0.00,0.00,0.00,
19:23:18.911673,135.00,102.00,0.00,0.00,0.00,0.00,
19:23:18.916652,135.00,102.00,0.00,0.00,0.00,0.00,
19:23:18.920340,135.00,102.00,0.00,0.00,0.00,0.00,
19:23:18.921277,135.00,102.00,0.00,0.00,0.00,0.00,
19:23:18.924952,135.00,102.00,0.00,0.00,0.00,0.00,
19:23:18.928657,135.00,102.00,0.00,0.00,0.00,0.00,
19:23:18.932336,135.00,102.00,0.00,0.00,0.00,0.00,
19:23:18.933254,135.00,102.00,0.00,0.00,0.00,0.00,
19:23:18.936900,135.00,102.00,0.00,0.00,0.00,0.00,
19:23:18.940621,135.00,102.00,0.00,0.00,0.00,0.00,
19:23:18.941518,135.00,102.00,0.00,0.00,0.00,0.00,
19:23:18.945170,135.00,102.00,0.00,0.00,0.00,0.00,
19:23:18.948893,135.00,102.00,0.00,0.00,0.00,0.00,
19:23:18.952613,135.00,102.00,0.00,0.00,0.00,0.00,
19:23:18.953527,135.00,102.00,0.00,0.00,0.00,0.00,
19:23:18.957303,135.00,102.00,0.00,0.00,0.00,0.00,
19:23:18.963024,135.00,102.00,0.00,0.00,0.00,0.00,
19:23:18.964649,135.00,102.00,0.00,0.00,0.00,0.00,
19:23:18.965545,135.00,102.00,0.00,0.00,0.00,0.00,
19:23:18.969160,135.00,102.00,0.00,0.00,0.00,0.00,
19:23:18.974111,135.00,102.00,0.00,0.00,0.00,0.00,
19:23:18.977833,135.00,102.00,0.00,0.00,0.00,0.00,
19:23:18.978741,135.00,102.00,0.00,0.00,0.00,0.00,
19:23:18.982439,135.00,102.00,0.00,0.00,0.00,0.00,
19:23:18.986111,135.00,102.00,0.00,0.00,0.00,0.00,
19:23:18.989912,135.00,102.00,0.00,0.00,0.00,0.00,
19:23:18.990848,135.00,102.00,0.00,0.00,0.00,0.00,
19:23:18.994378,135.00,102.00,0.00,0.00,0.00,0.00,
19:23:18.998084,135.00,102.00,0.00,0.00,0.00,0.00,
19:23:19.001806,135.00,102.00,0.00,0.00,0.00,0.00,
19:23:19.002705,135.00,102.00,0.00,0.00,0.00,0.00,
19:23:19.006335,135.00,102.00,0.00,0.00,0.00,0.00,
19:23:19.010088,135.00,102.00,0.00,0.00,0.00,0.00,
19:23:19.013802,135.00,102.00,0.00,0.00,0.00,0.00,
19:23:19.014690,135.00,102.00,0.00,0.00,0.00,0.00,
19:23:19.018337,135.00,102.00,0.00,0.00,0.00,0.00,
19:23:19.022110,135.00,102.00,0.00,0.00,0.00,0.00,
19:23:19.027047,135.00,102.00,0.00,0.00,0.00,0.00,
19:23:19.027973,135.00,102.00,0.00,0.00,0.00,0.00,
19:23:19.031570,135.00,102.00,0.00,0.00,0.00,0.00,
19:23:19.035306,135.00,102.00,0.00,0.00,0.00,0.00,
19:23:19.039022,135.00,102.00,0.00,0.00,0.00,0.00,
19:23:19.039910,135.00,102.00,0.00,0.00,0.00,0.00,
19:23:19.043545,135.00,102.00,0.00,0.00,0.00,0.00,
19:23:19.047309,135.00,102.00,0.00,0.00,0.00,0.00,
19:23:19.051014,135.00,102.00,0.00,0.00,0.00,0.00,
19:23:19.051903,135.00,102.00,0.00,0.00,0.00,0.00,
19:23:19.055605,135.00,102.00,0.00,0.00,0.00,0.00,
19:23:19.059287,135.00,102.00,0.00,0.00,0.00,0.00,
19:23:19.063024,135.00,102.00,0.00,0.00,0.00,0.00,
19:23:19.063913,135.00,102.00,0.00,0.00,0.00,0.00,
19:23:19.067557,135.00,102.00,0.00,0.00,0.00,0.00,
19:23:19.071268,135.00,102.00,0.00,0.00,0.00,0.00,
19:23:19.074962,135.00,102.00,0.00,0.00,0.00,0.00,
19:23:19.075857,135.00,102.00,0.00,0.00,0.00,0.00,
19:23:19.080765,135.00,102.00,0.00,0.00,0.00,0.00,
19:23:19.084491,135.00,102.00,0.00,0.00,0.00,0.00,
19:23:19.088297,135.00,102.00,0.00,0.00,0.00,0.00,
19:23:19.089235,135.00,102.00,0.00,0.00,0.00,0.00,
19:23:19.092764,135.00,102.00,0.00,0.00,0.00,0.00,
19:23:19.096472,135.00,102.00,0.00,0.00,0.00,0.00,
19:23:19.100200,135.00,102.00,0.00,0.00,0.00,0.00,
19:23:19.101098,135.00,102.00,0.00,0.00,0.00,0.00,
19:23:19.104737,135.00,102.00,0.00,0.00,0.00,0.00,
19:23:19.108478,135.00,102.00,0.00,0.00,0.00,0.00,
19:23:19.112171,135.00,102.00,0.00,0.00,0.00,0.00,
19:23:19.113077,135.00,102.00,0.00,0.00,0.00,0.00,
19:23:19.116718,135.00,102.00,0.00,0.00,0.00,0.00,
19:23:19.120466,135.00,102.00,0.00,0.00,0.00,0.00,
19:23:19.124219,135.00,102.00,0.00,0.00,0.00,0.00,
19:23:19.125129,135.00,102.00,0.00,0.00,0.00,0.00,
19:23:19.128729,135.00,102.00,0.00,0.00,0.00,0.00,
19:23:19.133680,135.00,102.00,0.00,0.00,0.00,0.00,
19:23:19.137409,135.00,102.00,0.00,0.00,0.00,0.00,
19:23:19.138327,135.00,102.00,0.00,0.00,0.00,0.00,
19:23:19.141944,135.00,102.00,0.00,0.00,0.00,0.00,
19:23:19.145690,135.00,102.00,0.00,0.00,0.00,0.00,
19:23:19.149411,135.00,102.00,0.00,0.00,0.00,0.00,
19:23:19.150315,135.00,102.00,0.00,0.00,0.00,0.00,
19:23:19.153982,135.00,102.00,0.00,0.00,0.00,0.00,
19:23:19.157897,135.00,102.00,0.00,0.00,0.00,0.00,
19:23:19.161396,135.00,102.00,0.00,0.00,0.00,0.00,
19:23:19.162319,135.00,102.00,0.00,0.00,0.00,0.00,
19:23:19.165927,135.00,102.00,0.00,0.00,0.00,0.00,
19:23:19.169681,135.00,102.00,0.00,0.00,0.00,0.00,
19:23:19.170585,135.00,102.00,0.00,0.00,0.00,0.00,
19:23:19.174178,135.00,102.00,0.00,0.00,0.00,0.00,
19:23:19.177928,135.00,102.00,0.00,0.00,0.00,0.00,
19:23:19.181650,135.00,102.00,0.00,0.00,0.00,0.00,
19:23:19.182553,135.00,102.00,0.00,0.00,0.00,0.00,
19:23:19.187543,135.00,102.00,0.00,0.00,0.00,0.00,
19:23:19.191211,135.00,102.00,0.00,0.00,0.00,0.00,
19:23:19.194883,135.00,102.00,0.00,0.00,0.00,0.00,
19:23:19.195774,135.00,102.00,0.00,0.00,0.00,0.00,
19:23:19.199435,135.00,102.00,0.00,0.00,0.00,0.00,
19:23:19.203138,135.00,102.00,0.00,0.00,0.00,0.00,
19:23:19.206874,135.00,102.00,0.00,0.00,0.00,0.00,
19:23:19.207878,135.00,102.00,0.00,0.00,0.00,0.00,
19:23:19.211413,135.00,102.00,0.00,0.00,0.00,0.00,
19:23:19.215130,135.00,102.00,0.00,0.00,0.00,0.00,
19:23:19.218859,135.00,102.00,0.00,0.00,0.00,0.00,
19:23:19.219768,135.00,102.00,0.00,0.00,0.00,0.00,
19:23:19.223529,135.00,102.00,0.00,0.00,0.00,0.00,
19:23:19.227176,135.00,102.00,0.00,0.00,0.00,0.00,
19:23:19.230835,135.00,102.00,0.00,0.00,0.00,0.00,
19:23:19.231735,135.00,102.00,0.00,0.00,0.00,0.00,
19:23:19.235370,135.00,102.00,0.00,0.00,0.00,0.00,
19:23:19.240381,135.00,102.00,0.00,0.00,0.00,0.00,
19:23:19.244089,135.00,102.00,0.00,0.00,0.00,0.00,
19:23:19.244982,135.00,102.00,0.00,0.00,0.00,0.00,
19:23:19.248629,135.00,102.00,0.00,0.00,0.00,0.00,
19:23:19.252329,135.00,102.00,0.00,0.00,0.00,0.00,
19:23:19.256126,135.00,153.00,0.00,0.00,0.00,0.00,
19:23:19.257117,135.00,153.00,0.00,0.00,0.00,0.00,
19:23:19.260629,135.00,153.00,0.00,0.00,0.00,0.00,
19:23:19.264332,135.00,153.00,0.00,0.00,0.00,0.00,
19:23:19.268071,135.00,153.00,0.00,0.00,0.00,0.00,
19:23:19.268966,135.00,153.00,0.00,0.00,0.00,0.00,
19:23:19.272572,135.00,153.00,0.00,0.00,0.00,0.00,
19:23:19.276311,135.00,153.00,0.00,0.00,0.00,0.00,
19:23:19.280049,135.00,153.00,0.00,0.00,0.00,0.00,
19:23:19.280938,135.00,153.00,0.00,0.00,0.00,0.00,
19:23:19.284576,135.00,153.00,0.00,0.00,0.00,0.00,
19:23:19.288393,135.00,153.00,0.00,0.00,0.00,0.00,
19:23:19.293283,135.00,153.00,0.00,0.00,0.00,0.00,
19:23:19.294176,135.00,153.00,0.00,0.00,0.00,0.00,
19:23:19.297858,135.00,153.00,0.00,0.00,0.00,0.00,
19:23:19.301541,135.00,153.00,0.00,0.00,0.00,0.00,
19:23:19.305306,135.00,153.00,0.00,0.00,0.00,0.00,
19:23:19.306217,135.00,153.00,0.00,0.00,0.00,0.00,
19:23:19.309804,135.00,153.00,0.00,0.00,0.00,0.00,
19:23:19.313528,135.00,153.00,0.00,0.00,0.00,0.00,
19:23:19.317267,135.00,153.00,0.00,0.00,0.00,0.00,
19:23:19.318165,135.00,153.00,0.00,0.00,0.00,0.00,
19:23:19.321866,135.00,153.00,0.00,0.00,0.00,0.00,
19:23:19.325533,135.00,153.00,0.00,0.00,0.00,0.00,
19:23:19.329239,135.00,153.00,0.00,0.00,0.00,0.00,
19:23:19.330161,135.00,153.00,0.00,0.00,0.00,0.00,
19:23:19.333768,135.00,153.00,0.00,0.00,0.00,0.00,
19:23:19.337534,135.00,153.00,0.00,0.00,0.00,0.00,
19:23:19.341220,135.00,153.00,0.00,0.00,0.00,0.00,
19:23:19.342118,135.00,153.00,0.00,0.00,0.00,0.00,
19:23:19.347021,135.00,153.00,0.00,0.00,0.00,0.00,
19:23:19.350738,135.00,153.00,0.00,0.00,0.00,0.00,
19:23:19.354511,135.00,153.00,0.00,0.00,0.00,0.00,
19:23:19.355439,135.00,153.00,0.00,0.00,0.00,0.00,
19:23:19.359024,135.00,153.00,0.00,0.00,0.00,0.00,
19:23:19.362732,135.00,153.00,0.00,0.00,0.00,0.00,
19:23:19.366451,135.00,153.00,0.00,0.00,0.00,0.00,
19:23:19.367376,135.00,153.00,0.00,0.00,0.00,0.00,
19:23:19.370980,135.00,153.00,0.00,0.00,0.00,0.00,
19:23:19.374717,135.00,153.00,0.00,0.00,0.00,0.00,
19:23:19.378436,135.00,153.00,0.00,0.00,0.00,0.00,
19:23:19.379336,135.00,153.00,0.00,0.00,0.00,0.00,
19:23:19.382978,135.00,153.00,0.00,0.00,0.00,0.00,
19:23:19.386772,135.00,153.00,0.00,0.00,0.00,0.00,
19:23:19.390436,135.00,153.00,0.00,0.00,0.00,0.00,
19:23:19.391365,135.00,153.00,0.00,0.00,0.00,0.00,
19:23:19.394968,135.00,153.00,0.00,0.00,0.00,0.00,
19:23:19.398872,135.00,153.00,0.00,0.00,0.00,0.00,
19:23:19.403653,135.00,153.00,0.00,0.00,0.00,0.00,
19:23:19.404571,135.00,153.00,0.00,0.00,0.00,0.00,
19:23:19.408204,135.00,153.00,0.00,0.00,0.00,0.00,
19:23:19.411922,135.00,153.00,0.00,0.00,0.00,0.00,
19:23:19.412812,135.00,153.00,0.00,0.00,0.00,0.00,
19:23:19.416457,135.00,153.00,0.00,0.00,0.00,0.00,
19:23:19.420270,135.00,153.00,0.00,0.00,0.00,0.00,
19:23:19.423936,135.00,153.00,0.00,0.00,0.00,0.00,
19:23:19.424833,135.00,153.00,0.00,0.00,0.00,0.00,
19:23:19.428455,135.00,153.00,0.00,0.00,0.00,0.00,
19:23:19.433445,135.00,153.00,0.00,0.00,0.00,0.00,
19:23:19.435942,135.00,153.00,0.00,0.00,0.00,0.00,
19:23:19.436839,135.00,153.00,0.00,0.00,0.00,0.00,
19:23:19.440449,135.00,153.00,0.00,0.00,0.00,0.00,
19:23:19.444173,135.00,153.00,0.00,0.00,0.00,0.00,
19:23:19.447888,135.00,153.00,0.00,0.00,0.00,0.00,
19:23:19.448776,135.00,153.00,0.00,0.00,0.00,0.00,
19:23:19.452443,135.00,153.00,0.00,0.00,0.00,0.00,
19:23:19.457482,135.00,153.00,0.00,0.00,0.00,0.00,
19:23:19.461160,135.00,153.00,0.00,0.00,0.00,0.00,
19:23:19.462062,135.00,153.00,0.00,0.00,0.00,0.00,
19:23:19.466174,135.00,153.00,0.00,0.00,0.00,0.00,
19:23:19.469431,135.00,153.00,0.00,0.00,0.00,0.00,
19:23:19.473112,135.00,153.00,0.00,0.00,0.00,0.00,
19:23:19.474023,135.00,153.00,0.00,0.00,0.00,0.00,
19:23:19.477673,135.00,153.00,0.00,0.00,0.00,0.00,
19:23:19.481391,135.00,153.00,0.00,0.00,0.00,0.00,
19:23:19.485110,135.00,153.00,0.00,0.00,0.00,0.00,
19:23:19.486028,135.00,153.00,0.00,0.00,0.00,0.00,
19:23:19.489686,135.00,153.00,0.00,0.00,0.00,0.00,
19:23:19.493360,135.00,153.00,0.00,0.00,0.00,0.00,
19:23:19.497190,135.00,153.00,0.00,0.00,0.00,0.00,
19:23:19.498135,135.00,153.00,0.00,0.00,0.00,0.00,
19:23:19.501653,135.00,153.00,0.00,0.00,0.00,0.00,
19:23:19.505372,135.00,153.00,0.00,0.00,0.00,0.00,
19:23:19.510334,135.00,153.00,0.00,0.00,0.00,0.00,
19:23:19.511223,135.00,153.00,0.00,0.00,0.00,0.00,
19:23:19.514857,135.00,153.00,0.00,0.00,0.00,0.00,
19:23:19.518596,135.00,153.00,0.00,0.00,0.00,0.00,
19:23:19.522376,135.00,153.00,0.00,0.00,0.00,0.00,
19:23:19.523286,135.00,153.00,0.00,0.00,0.00,0.00,
19:23:19.526838,135.00,153.00,0.00,0.00,0.00,0.00,
19:23:19.530580,135.00,153.00,0.00,0.00,0.00,0.00,
19:23:19.534291,135.00,153.00,0.00,0.00,0.00,0.00,
19:23:19.535208,135.00,153.00,0.00,0.00,0.00,0.00,
19:23:19.538849,135.00,153.00,0.00,0.00,0.00,0.00,
19:23:19.542569,135.00,153.00,0.00,0.00,0.00,0.00,
19:23:19.546309,135.00,153.00,0.00,0.00,0.00,0.00,
19:23:19.547235,135.00,153.00,0.00,0.00,0.00,0.00,
19:23:19.550829,135.00,153.00,0.00,0.00,0.00,0.00,
19:23:19.554752,135.00,153.00,0.00,0.00,0.00,0.00,
19:23:19.558309,135.00,153.00,0.00,0.00,0.00,0.00,
19:23:19.559207,135.00,153.00,0.00,0.00,0.00,0.00,
19:23:19.564107,135.00,153.00,0.00,0.00,0.00,0.00,
19:23:19.567806,135.00,153.00,0.00,0.00,0.00,0.00,
19:23:19.571502,135.00,153.00,0.00,0.00,0.00,0.00,
19:23:19.572398,135.00,153.00,0.00,0.00,0.00,0.00,
19:23:19.576046,135.00,153.00,0.00,0.00,0.00,0.00,
19:23:19.579785,135.00,153.00,0.00,0.00,0.00,0.00,
19:23:19.583500,135.00,153.00,0.00,0.00,0.00,0.00,
19:23:19.584402,135.00,153.00,0.00,0.00,0.00,0.00,
19:23:19.588122,135.00,153.00,0.00,0.00,0.00,0.00,
19:23:19.591775,135.00,153.00,0.00,0.00,0.00,0.00,
19:23:19.595484,135.00,153.00,0.00,0.00,0.00,0.00,
19:23:19.596470,135.00,153.00,0.00,0.00,0.00,0.00,
19:23:19.600098,135.00,153.00,0.00,0.00,0.00,0.00,
19:23:19.603747,135.00,153.00,0.00,0.00,0.00,0.00,
19:23:19.607470,135.00,153.00,0.00,0.00,0.00,0.00,
19:23:19.608372,135.00,153.00,0.00,0.00,0.00,0.00,
19:23:19.612006,135.00,153.00,0.00,0.00,0.00,0.00,
19:23:19.616988,135.00,153.00,0.00,0.00,0.00,0.00,
19:23:19.620791,135.00,153.00,0.00,0.00,0.00,0.00,
19:23:19.621718,135.00,153.00,0.00,0.00,0.00,0.00,
19:23:19.625257,135.00,153.00,0.00,0.00,0.00,0.00,
19:23:19.628978,135.00,153.00,0.00,0.00,0.00,0.00,
19:23:19.632669,135.00,153.00,0.00,0.00,0.00,0.00,
19:23:19.633604,135.00,153.00,0.00,0.00,0.00,0.00,
19:23:19.637268,135.00,153.00,0.00,0.00,0.00,0.00,
19:23:19.640971,135.00,153.00,0.00,0.00,0.00,0.00,
19:23:19.641890,135.00,153.00,0.00,0.00,0.00,0.00,
19:23:19.645497,135.00,153.00,0.00,0.00,0.00,0.00,
19:23:19.649242,135.00,153.00,0.00,0.00,0.00,0.00,
19:23:19.653012,135.00,153.00,0.00,0.00,0.00,0.00,
19:23:19.653930,135.00,153.00,0.00,0.00,0.00,0.00,
19:23:19.657798,135.00,153.00,0.00,0.00,0.00,0.00,
19:23:19.661211,135.00,153.00,0.00,0.00,0.00,0.00,
19:23:19.664930,135.00,153.00,0.00,0.00,0.00,0.00,
19:23:19.665851,135.00,153.00,0.00,0.00,0.00,0.00,
19:23:19.670724,135.00,153.00,0.00,0.00,0.00,0.00,
19:23:19.674451,135.00,153.00,0.00,0.00,0.00,0.00,
19:23:19.678189,135.00,153.00,0.00,0.00,0.00,0.00,
19:23:19.679095,135.00,153.00,0.00,0.00,0.00,0.00,
19:23:19.682697,135.00,153.00,0.00,0.00,0.00,0.00,
19:23:19.686500,135.00,153.00,0.00,0.00,0.00,0.00,
19:23:19.690191,135.00,153.00,0.00,0.00,0.00,0.00,
19:23:19.691092,135.00,153.00,0.00,0.00,0.00,0.00,
19:23:19.694708,135.00,153.00,0.00,0.00,0.00,0.00,
19:23:19.698519,135.00,153.00,0.00,0.00,0.00,0.00,
19:23:19.702148,135.00,153.00,0.00,0.00,0.00,0.00,
19:23:19.703041,135.00,153.00,0.00,0.00,0.00,0.00,
19:23:19.706675,135.00,153.00,0.00,0.00,0.00,0.00,
19:23:19.710417,135.00,153.00,0.00,0.00,0.00,0.00,
19:23:19.714141,135.00,153.00,0.00,0.00,0.00,0.00,
19:23:19.715032,135.00,153.00,0.00,0.00,0.00,0.00,
19:23:19.718769,135.00,153.00,0.00,0.00,0.00,0.00,
19:23:19.722413,135.00,153.00,0.00,0.00,0.00,0.00,
19:23:19.727466,135.00,153.00,0.00,0.00,0.00,0.00,
19:23:19.728380,135.00,153.00,0.00,0.00,0.00,0.00,
19:23:19.731882,135.00,153.00,0.00,0.00,0.00,0.00,
19:23:19.735605,135.00,153.00,0.00,0.00,0.00,0.00,
19:23:19.739367,135.00,153.00,0.00,0.00,0.00,0.00,
19:23:19.740265,135.00,153.00,0.00,0.00,0.00,0.00,
19:23:19.743859,135.00,153.00,0.00,0.00,0.00,0.00,
19:23:19.747615,135.00,153.00,0.00,0.00,0.00,0.00,
19:23:19.751445,135.00,153.00,0.00,0.00,0.00,0.00,
19:23:19.752367,135.00,153.00,0.00,0.00,0.00,0.00,
19:23:19.755928,135.00,153.00,0.00,0.00,0.00,0.00,
19:23:19.759646,135.00,153.00,0.00,0.00,0.00,0.00,
19:23:19.763321,135.00,153.00,0.00,0.00,0.00,0.00,
19:23:19.764216,135.00,153.00,0.00,0.00,0.00,0.00,
19:23:19.767885,135.00,153.00,0.00,0.00,0.00,0.00,
19:23:19.771594,135.00,153.00,0.00,0.00,0.00,0.00,
19:23:19.776570,135.00,153.00,0.00,0.00,0.00,0.00,
19:23:19.777527,135.00,153.00,0.00,0.00,0.00,0.00,
19:23:19.781096,135.00,153.00,0.00,0.00,0.00,0.00,
19:23:19.784926,135.00,153.00,0.00,0.00,0.00,0.00,
19:23:19.788590,135.00,153.00,0.00,0.00,0.00,0.00,
19:23:19.789490,135.00,153.00,0.00,0.00,0.00,0.00,
19:23:19.793101,135.00,153.00,0.00,0.00,0.00,0.00,
19:23:19.796831,135.00,153.00,0.00,0.00,0.00,0.00,
19:23:19.800540,135.00,153.00,0.00,0.00,0.00,0.00,
19:23:19.801461,135.00,153.00,0.00,0.00,0.00,0.00,
19:23:19.805074,135.00,153.00,0.00,0.00,0.00,0.00,
19:23:19.808812,135.00,153.00,0.00,0.00,0.00,0.00,
19:23:19.812528,135.00,153.00,0.00,0.00,0.00,0.00,
19:23:19.813425,135.00,153.00,0.00,0.00,0.00,0.00,
19:23:19.817071,135.00,153.00,0.00,0.00,0.00,0.00,
19:23:19.820859,135.00,153.00,0.00,0.00,0.00,0.00,
19:23:19.824523,135.00,153.00,0.00,0.00,0.00,0.00,
19:23:19.825439,135.00,153.00,0.00,0.00,0.00,0.00,
19:23:19.829062,135.00,153.00,0.00,0.00,0.00,0.00,
19:23:19.834040,135.00,153.00,0.00,0.00,0.00,0.00,
19:23:19.837773,135.00,153.00,0.00,0.00,0.00,0.00,
19:23:19.838678,135.00,153.00,0.00,0.00,0.00,0.00,
19:23:19.842297,135.00,153.00,0.00,0.00,0.00,0.00,
19:23:19.846018,135.00,153.00,0.00,0.00,0.00,0.00,
19:23:19.849749,135.00,153.00,0.00,0.00,0.00,0.00,
19:23:19.850686,135.00,153.00,0.00,0.00,0.00,0.00,
19:23:19.854317,135.00,153.00,0.00,0.00,0.00,0.00,
19:23:19.858014,135.00,153.00,0.00,0.00,0.00,0.00,
19:23:19.861697,135.00,153.00,0.00,0.00,0.00,0.00,
19:23:19.862612,135.00,153.00,0.00,0.00,0.00,0.00,
19:23:19.866274,135.00,153.00,0.00,0.00,0.00,0.00,
19:23:19.870005,135.00,153.00,0.00,0.00,0.00,0.00,
19:23:19.873698,135.00,153.00,0.00,0.00,0.00,0.00,
19:23:19.874628,135.00,153.00,0.00,0.00,0.00,0.00,
19:23:19.878255,135.00,153.00,0.00,0.00,0.00,0.00,
19:23:19.881981,135.00,153.00,0.00,0.00,0.00,0.00,
19:23:19.882884,135.00,153.00,0.00,0.00,0.00,0.00,
19:23:19.887875,135.00,153.00,0.00,0.00,0.00,0.00,
19:23:19.891509,135.00,153.00,0.00,0.00,0.00,0.00,
19:23:19.895231,135.00,153.00,0.00,0.00,0.00,0.00,
19:23:19.896125,135.00,153.00,0.00,0.00,0.00,0.00,
19:23:19.899751,135.00,153.00,0.00,0.00,0.00,0.00,
19:23:19.903562,135.00,153.00,0.00,0.00,0.00,0.00,
19:23:19.907263,135.00,153.00,0.00,0.00,0.00,0.00,
19:23:19.908162,135.00,153.00,0.00,0.00,0.00,0.00,
19:23:19.911746,135.00,153.00,0.00,0.00,0.00,0.00,
19:23:19.915476,135.00,153.00,0.00,0.00,0.00,0.00,
19:23:19.919304,135.00,153.00,0.00,0.00,0.00,0.00,
19:23:19.920250,135.00,153.00,0.00,0.00,0.00,0.00,
19:23:19.923728,135.00,153.00,0.00,0.00,0.00,0.00,
19:23:19.927486,135.00,153.00,0.00,0.00,0.00,0.00,
19:23:19.931189,135.00,153.00,0.00,0.00,0.00,0.00,
19:23:19.932078,135.00,153.00,0.00,0.00,0.00,0.00,
19:23:19.935723,135.00,153.00,0.00,0.00,0.00,0.00,
19:23:19.940698,135.00,153.00,0.00,0.00,0.00,0.00,
19:23:19.944416,135.00,153.00,0.00,0.00,0.00,0.00,
19:23:19.945324,135.00,153.00,0.00,0.00,0.00,0.00,
19:23:19.948969,135.00,153.00,0.00,0.00,0.00,0.00,
19:23:19.952756,135.00,153.00,0.00,0.00,0.00,0.00,
19:23:19.956411,135.00,153.00,0.00,0.00,0.00,0.00,
19:23:19.957396,135.00,153.00,0.00,0.00,0.00,0.00,
19:23:19.960936,135.00,153.00,0.00,0.00,0.00,0.00,
19:23:19.964690,135.00,153.00,0.00,0.00,0.00,0.00,
19:23:19.968600,135.00,153.00,0.00,0.00,0.00,0.00,
19:23:19.969578,135.00,153.00,0.00,0.00,0.00,0.00,
19:23:19.972946,135.00,153.00,0.00,0.00,0.00,0.00,
19:23:19.976643,135.00,153.00,0.00,0.00,0.00,0.00,
19:23:19.980383,135.00,153.00,0.00,0.00,0.00,0.00,
19:23:19.981272,135.00,153.00,0.00,0.00,0.00,0.00,
19:23:19.984975,135.00,153.00,0.00,0.00,0.00,0.00,
19:23:19.988673,135.00,153.00,0.00,0.00,0.00,0.00,
19:23:19.993630,135.00,153.00,0.00,0.00,0.00,0.00,
19:23:19.994543,135.00,153.00,0.00,0.00,0.00,0.00,
19:23:19.998166,135.00,153.00,0.00,0.00,0.00,0.00,
19:23:20.001889,135.00,153.00,0.00,0.00,0.00,0.00,
19:23:20.005599,135.00,153.00,0.00,0.00,0.00,0.00,
19:23:20.006496,135.00,153.00,0.00,0.00,0.00,0.00,
19:23:20.010168,135.00,153.00,0.00,0.00,0.00,0.00,
19:23:20.013878,135.00,153.00,0.00,0.00,0.00,0.00,
19:23:20.017668,135.00,153.00,0.00,0.00,0.00,0.00,
19:23:20.018616,135.00,153.00,0.00,0.00,0.00,0.00,
19:23:20.022132,135.00,153.00,0.00,0.00,0.00,0.00,
19:23:20.025891,135.00,153.00,0.00,0.00,0.00,0.00,
19:23:20.029587,135.00,153.00,0.00,0.00,0.00,0.00,
19:23:20.030485,135.00,153.00,0.00,0.00,0.00,0.00,
19:23:20.034143,135.00,153.00,0.00,0.00,0.00,0.00,
19:23:20.037854,135.00,153.00,0.00,0.00,0.00,0.00,
19:23:20.041556,135.00,153.00,0.00,0.00,0.00,0.00,
19:23:20.042476,135.00,153.00,0.00,0.00,0.00,0.00,
19:23:20.047398,135.00,153.00,0.00,0.00,0.00,0.00,
19:23:20.051149,135.00,153.00,0.00,0.00,0.00,0.00,
19:23:20.054800,135.00,153.00,0.00,0.00,0.00,0.00,
19:23:20.055701,135.00,153.00,0.00,0.00,0.00,0.00,
19:23:20.059345,135.00,153.00,0.00,0.00,0.00,0.00,
19:23:20.063070,135.00,153.00,0.00,0.00,0.00,0.00,
19:23:20.066785,135.00,153.00,0.00,0.00,0.00,0.00,
19:23:20.067716,135.00,153.00,0.00,0.00,0.00,0.00,
19:23:20.071333,135.00,153.00,0.00,0.00,0.00,0.00,
19:23:20.075042,135.00,153.00,0.00,0.00,0.00,0.00,
19:23:20.078784,135.00,153.00,0.00,0.00,0.00,0.00,
19:23:20.079702,135.00,153.00,0.00,0.00,0.00,0.00,
19:23:20.083364,135.00,153.00,0.00,0.00,0.00,0.00,
19:23:20.087070,135.00,153.00,0.00,0.00,0.00,0.00,
19:23:20.090779,135.00,153.00,0.00,0.00,0.00,0.00,
19:23:20.091679,135.00,153.00,0.00,0.00,0.00,0.00,
19:23:20.095304,135.00,153.00,0.00,0.00,0.00,0.00,
19:23:20.100291,135.00,153.00,0.00,0.00,0.00,0.00,
19:23:20.103976,135.00,153.00,0.00,0.00,0.00,0.00,
19:23:20.104892,135.00,168.00,0.00,0.00,0.00,0.00,
19:23:20.108555,135.00,168.00,0.00,0.00,0.00,0.00,
19:23:20.112275,135.00,168.00,0.00,0.00,0.00,0.00,
19:23:20.113267,135.00,168.00,0.00,0.00,0.00,0.00,
19:23:20.116880,135.00,168.00,0.00,0.00,0.00,0.00,
19:23:20.120573,135.00,168.00,0.00,0.00,0.00,0.00,
19:23:20.124262,135.00,168.00,0.00,0.00,0.00,0.00,
19:23:20.125156,135.00,168.00,0.00,0.00,0.00,0.00,
19:23:20.128805,135.00,168.00,0.00,0.00,0.00,0.00,
19:23:20.132526,135.00,168.00,0.00,0.00,0.00,0.00,
19:23:20.136233,135.00,168.00,0.00,0.00,0.00,0.00,
19:23:20.137154,135.00,168.00,0.00,0.00,0.00,0.00,
19:23:20.140776,135.00,168.00,0.00,0.00,0.00,0.00,
19:23:20.144503,135.00,168.00,0.00,0.00,0.00,0.00,
19:23:20.148250,135.00,168.00,0.00,0.00,0.00,0.00,
19:23:20.149158,135.00,168.00,0.00,0.00,0.00,0.00,
19:23:20.152801,135.00,168.00,0.00,0.00,0.00,0.00,
19:23:20.157994,135.00,168.00,0.00,0.00,0.00,0.00,
19:23:20.161491,135.00,168.00,0.00,0.00,0.00,0.00,
19:23:20.162407,135.00,168.00,0.00,0.00,0.00,0.00,
19:23:20.165999,135.00,168.00,0.00,0.00,0.00,0.00,
19:23:20.169756,135.00,168.00,0.00,0.00,0.00,0.00,
19:23:20.173443,135.00,168.00,0.00,0.00,0.00,0.00,
19:23:20.174333,135.00,168.00,0.00,0.00,0.00,0.00,
19:23:20.178007,135.00,168.00,0.00,0.00,0.00,0.00,
19:23:20.181714,135.00,168.00,0.00,0.00,0.00,0.00,
19:23:20.185515,135.00,168.00,0.00,0.00,0.00,0.00,
19:23:20.186453,135.00,168.00,0.00,0.00,0.00,0.00,
19:23:20.189993,135.00,168.00,0.00,0.00,0.00,0.00,
19:23:20.193701,135.00,168.00,0.00,0.00,0.00,0.00,
19:23:20.197450,135.00,168.00,0.00,0.00,0.00,0.00,
19:23:20.198343,135.00,168.00,0.00,0.00,0.00,0.00,
19:23:20.201977,135.00,168.00,0.00,0.00,0.00,0.00,
19:23:20.205695,135.00,168.00,0.00,0.00,0.00,0.00,
19:23:20.210686,135.00,168.00,0.00,0.00,0.00,0.00,
19:23:20.211666,135.00,168.00,0.00,0.00,0.00,0.00,
19:23:20.215336,135.00,168.00,0.00,0.00,0.00,0.00,
19:23:20.219033,135.00,168.00,0.00,0.00,0.00,0.00,
19:23:20.222743,135.00,168.00,0.00,0.00,0.00,0.00,
19:23:20.223681,135.00,168.00,0.00,0.00,0.00,0.00,
19:23:20.227319,135.00,168.00,0.00,0.00,0.00,0.00,
19:23:20.230909,135.00,168.00,0.00,0.00,0.00,0.00,
19:23:20.234627,135.00,168.00,0.00,0.00,0.00,0.00,
19:23:20.235524,135.00,168.00,0.00,0.00,0.00,0.00,
19:23:20.239231,135.00,168.00,0.00,0.00,0.00,0.00,
19:23:20.242908,135.00,168.00,0.00,0.00,0.00,0.00,
19:23:20.246631,135.00,168.00,0.00,0.00,0.00,0.00,
19:23:20.247557,135.00,168.00,0.00,0.00,0.00,0.00,
19:23:20.251217,135.00,168.00,0.00,0.00,0.00,0.00,
19:23:20.254909,135.00,153.00,0.00,0.00,0.00,0.00,
19:23:20.258670,135.00,153.00,0.00,0.00,0.00,0.00,
19:23:20.259577,135.00,153.00,0.00,0.00,0.00,0.00,
19:23:20.264418,135.00,153.00,0.00,0.00,0.00,0.00,
19:23:20.268179,135.00,153.00,0.00,0.00,0.00,0.00,
19:23:20.271839,135.00,153.00,0.00,0.00,0.00,0.00,
19:23:20.272734,135.00,153.00,0.00,0.00,0.00,0.00,
19:23:20.276383,135.00,153.00,0.00,0.00,0.00,0.00,
19:23:20.280132,135.00,153.00,0.00,0.00,0.00,0.00,
19:23:20.283919,135.00,153.00,0.00,0.00,0.00,0.00,
19:23:20.284838,135.00,153.00,0.00,0.00,0.00,0.00,
19:23:20.288396,135.00,153.00,0.00,0.00,0.00,0.00,
19:23:20.292095,135.00,153.00,0.00,0.00,0.00,0.00,
19:23:20.295816,135.00,153.00,0.00,0.00,0.00,0.00,
19:23:20.296718,135.00,153.00,0.00,0.00,0.00,0.00,
19:23:20.300373,135.00,153.00,0.00,0.00,0.00,0.00,
19:23:20.304094,135.00,153.00,0.00,0.00,0.00,0.00,
19:23:20.307802,135.00,153.00,0.00,0.00,0.00,0.00,
19:23:20.308706,135.00,153.00,0.00,0.00,0.00,0.00,
19:23:20.312339,135.00,153.00,0.00,0.00,0.00,0.00,
19:23:20.317528,135.00,153.00,0.00,0.00,0.00,0.00,
19:23:20.321346,135.00,153.00,0.00,0.00,0.00,0.00,
19:23:20.322563,135.00,153.00,0.00,0.00,0.00,0.00,
19:23:20.325811,135.00,153.00,0.00,0.00,0.00,0.00,
19:23:20.329517,135.00,153.00,0.00,0.00,0.00,0.00,
19:23:20.333047,135.00,153.00,0.00,0.00,0.00,0.00,
19:23:20.333962,135.00,153.00,0.00,0.00,0.00,0.00,
19:23:20.337647,135.00,153.00,0.00,0.00,0.00,0.00,
19:23:20.341307,135.00,153.00,0.00,0.00,0.00,0.00,
19:23:20.345005,135.00,153.00,0.00,0.00,0.00,0.00,
19:23:20.345945,135.00,153.00,0.00,0.00,0.00,0.00,
19:23:20.349649,135.00,153.00,0.00,0.00,0.00,0.00,
